0 50 0 30
37.7475 18.6385 35.7883 14.3355 40.1833 18.5885 5.62217 13.5674 22.4266 14.9953 5.61162 13.4919 33.5006 10.8617 19.2341 14.1722 30.8521 4.51151 10.0687 15.0777 29.7441 5.08347 37.4862 9.05151 4.10198 13.9641 23.8279 18.2013 20.8897 16.9407 
39.0941 11.8251 36.6455 7.66071 35.2676 13.9144 12.0152 16.1052 17.6564 20.0736 12.1642 15.6562 40.0564 8.91545 21.2161 20.712 24.2096 6.29204 16.4975 17.714 22.9872 6.61255 41.9879 14.3863 3.63096 20.9114 17.3014 20.5657 16.4472 22.1661 
34.6198 6.58344 43.4867 8.49373 40.1833 18.5885 18.7735 17.8912 24.4941 19.0161 18.2793 18.5424 40.1397 15.8648 14.9716 17.9098 17.5468 7.91389 18.2488 24.3658 16.3115 8.21369 38.9254 20.5134 4.10198 13.9641 22.2137 15.654 20.3518 16.4151 
39.0941 11.8251 38.6662 13.3186 34.996 13.9309 25.2572 15.2717 22.0622 12.4626 25.0451 17.055 33.5156 13.9859 21.4143 15.7095 10.7432 9.55379 16.4975 17.714 9.89688 9.75779 41.9879 14.3863 3.63096 20.9114 28.4401 12.6207 26.4525 13.1169 
33.6848 16.1867 32.212 15.6167 29.3031 17.6874 27.8151 8.80792 27.0163 17.0369 29.845 12.2114 27.0327 16.1047 28.3377 16.2065 3.96444 11.1861 18.2488 24.3658 16.6323 8.13648 38.9254 20.5134 4.10198 13.9641 28.8646 19.4735 31.7525 17.594 
27.0169 17.3851 25.7693 18.2327 23.5417 13.8658 32.3843 13.8395 31.8665 12.1535 29.9456 19.1688 32.4144 20.4062 33.2523 21.0977 7.12181 17.3864 16.4975 17.714 9.89688 9.75779 32.2316 22.4867 8.40032 19.2598 35.5891 21.1616 32.7281 24.4537 
20.6265 14.5338 28.4911 11.9317 28.5414 9.10303 25.6175 14.4599 26.3137 7.90401 35.0649 23.7093 35.9365 26.2048 35.9365 27.4773 11.2097 22.9518 21.123 12.579 16.6323 8.13648 38.1527 26.0218 12.5861 24.7919 35.8845 18.0551 38.8915 27.2991 
26.7477 11.6275 23.1198 7.70269 21.7971 8.29159 23.164 8.05025 19.6456 9.38161 40.6607 27.6504 40.4724 20.9892 42.8121 27.0379 15.3001 18.394 23.4446 6.06682 22.8844 11.1396 45.0162 25.3683 8.40032 19.2598 42.0154 20.9953 45.6943 27.5795 
21.1684 7.63001 16.7945 10.5603 15.9235 12.0203 16.4842 10.1421 15.9593 15.3144 47.1821 26.0983 47.2219 22.8129 39.4325 25.6906 14.188 11.6487 20.7945 12.4074 16.6298 8.38988 42.7191 18.8144 12.5861 24.7919 46.6518 26.1804 40.6304 22.8074 
15.5845 11.7978 13.8813 16.8946 17.9711 18.6725 15.866 17.0461 21.5997 11.282 41.85 21.574 40.6703 25.06 41.6534 19.1559 16.7554 18.083 15.1371 8.56174 18.7056 15.0533 37.6981 23.6582 8.40032 19.2598 42.0154 20.9953 40.567 15.8277 
16.0377 18.7003 19.4256 20.9348 11.0918 19.4135 18.1975 23.5499 17.9388 17.1138 35.672 18.4031 39.9341 18.3656 34.8799 20.1469 17.3708 24.9761 20.7945 12.4074 18.6539 21.9823 37.6574 16.7502 14.4739 22.5387 39.5118 14.718 33.9641 17.4094 
17.7235 25.4848 14.7994 26.1137 16.3197 23.8583 12.6024 27.554 24.6565 18.545 40.33 13.3867 35.6049 12.9066 36.1621 13.3066 10.5074 25.5678 15.1371 8.56174 14.1321 27.1949 36.0127 10.0552 13.7804 19.487 34.8996 9.46239 36.4106 10.9227 
11.195 27.575 8.11664 27.5612 9.66255 26.0155 5.91424 25.7502 17.9388 17.1138 34.1118 10.2722 35.0949 6.08808 34.277 6.78722 6.20271 21.0869 20.7945 12.4074 7.21195 26.7108 32.0667 4.45213 18.7431 14.9142 32.9776 2.8138 32.8406 4.98538 
4.66418 25.8442 2.93167 22.9047 2.69879 25.9589 10.7959 21.0738 21.7781 11.585 33.8813 3.46746 30.265 11.0634 28.957 2.4215 4.92684 27.8875 15.586 10.8657 10.726 24.9317 32.0648 7.56516 18.3975 8.01966 28.0918 7.71693 26.0808 5.85573 
7.75818 24.8829 6.13154 18.795 9.42038 27.3745 5.11633 25.115 17.3348 6.37284 27.4397 6.16232 27.3201 5.02633 25.4699 8.31419 10.4699 23.9261 18.6019 4.89946 3.98619 26.3974 25.3952 5.89038 17.1982 11.2935 22.4492 3.88758 19.1175 5.28312 
4.00288 20.7895 10.2079 22.3651 5.06873 21.9463 8.97005 19.4358 24.1226 5.29813 20.6443 4.53718 20.7346 6.78429 20.9489 3.09509 6.33385 18.5539 25.2174 3.23128 4.29 19.475 19.3967 2.83668 20.2377 5.29381 16.0018 6.2802 23.8836 10.3406 
9.64213 16.7649 6.13184 16.7079 7.24081 15.4631 4.43265 14.3525 17.3015 4.51347 13.6704 4.22185 19.2994 10.0891 15.4535 7.42494 6.4429 11.6469 18.2777 3.5405 7.92839 13.5765 13.6779 6.67031 13.6746 7.70785 9.2868 7.99937 17.1076 10.4268 
4.06741 12.8802 5.82626 9.8992 4.26107 9.14592 6.73219 7.87104 13.4531 10.1791 13.2375 11.1276 12.3681 9.35103 10.3837 12.1569 8.05944 4.9377 12.6658 7.43807 6.83668 6.66741 9.52566 12.2196 10.1021 13.6704 8.90111 14.9643 10.1923 9.62181 
9.41154 8.67091 12.7804 9.845 10.4409 5.88603 13.5958 9.03023 6.617 9.90485 6.64304 9.30918 5.73761 10.9903 6.4625 6.4449 8.11772 11.7647 6.80512 11.0368 8.17456 13.4209 5.37852 6.62893 6.67755 7.6694 5.48391 8.91741 3.37416 8.13599 
2.82657 10.9024 6.35273 12.1658 4.46081 9.17472 6.73219 7.87104 10.0738 7.68169 10.057 11.3843 7.14478 4.16409 3.94656 12.8516 2.82821 7.37834 2.5188 5.70468 3.60038 8.1383 2.20404 12.7539 10.7553 11.3867 3.4828 15.6208 5.68627 14.6617 
9.73775 11.2435 4.61167 5.41395 10.6253 6.06291 11.4282 13.0141 7.85706 14.241 6.00974 17.0544 11.427 7.79606 10.4878 15.1826 4.51801 14.1328 9.49184 5.89966 8.96484 12.4698 7.28544 17.4421 9.34567 4.61231 10.3032 16.8047 12.5909 15.4128 
11.6572 17.9259 11.3113 4.81231 7.04743 10.1331 6.56497 17.9848 11.2908 20.1883 12.7525 15.6832 4.65089 6.89519 10.3979 22.0875 11.1708 15.93 2.92467 8.23507 12.3789 18.4472 14.0929 18.7005 5.63193 10.4581 14.9263 21.9402 12.7368 22.3591 
13.1882 24.6635 4.61167 5.41395 11.5334 6.2107 13.0147 20.0967 18.2176 20.4583 13.7566 22.5663 2.13134 13.2942 17.2772 21.3434 15.055 21.4039 5.77684 14.474 16.5732 23.8441 16.8069 24.9657 9.46679 13.7662 18.5057 27.8706 19.6044 23.2324 
19.0087 20.806 11.3113 4.81231 12.3828 9.34944 18.8624 23.6038 16.5924 27.2122 20.3347 24.1883 8.61115 15.9143 19.5809 27.8507 21.0158 24.7684 12.5668 15.4622 22.6823 26.9489 23.6989 25.5096 16.3296 13.531 23.6086 23.3766 23.7068 18.6809 
24.5425 24.7651 12.7208 11.6508 16.3675 14.9362 24.4711 27.6627 23.2547 25.1656 26.3009 27.6523 14.7982 13.173 25.9832 25.0742 27.7008 26.1934 18.4028 11.6671 29.0144 24.1373 30.6321 25.5037 12.7404 7.54024 29.528 27.0421 19.1941 23.6875 
29.314 19.7238 19.6589 11.5204 19.8193 8.96529 30.4284 24.1153 30.039 25.861 31.9307 23.7427 18.8272 7.70354 32.7899 25.7414 34.2451 24.1017 21.6543 5.55834 35.818 24.8607 36.1746 21.2443 16.3296 13.531 34.6292 22.5755 23.7068 18.6809 
30.4268 26.4675 16.2864 5.56976 14.5018 4.63757 37.2352 25.6375 36.5825 23.5563 38.7353 24.8032 15.5954 11.7094 38.5658 21.9743 41.1008 23.3218 14.7893 4.97993 40.7671 19.9822 41.8876 25.061 11.7207 8.45408 39.7144 27.364 19.1941 23.6875 
29.314 19.7238 9.36375 6.12383 8.56671 8.06363 43.5529 22.6351 43.538 23.9127 44.8991 21.9897 10.6061 7.28073 44.682 24.8831 47.915 24.6342 8.38253 7.72401 45.4586 24.8335 38.4873 22.8558 5.23519 6.1025 44.083 22.144 23.7068 18.6809 
22.965 17.3749 3.80149 10.2976 11.7678 7.1611 38.5578 27.4847 39.9315 21.1244 44.3748 18.9457 3.69213 6.60431 47.6285 18.7216 44.5373 18.5746 11.4459 7.16278 43.9303 18.0245 45.1682 24.6494 10.3158 10.8908 44.5223 15.3312 18.6009 13.9591 
17.6504 13.0964 2.4965 3.51318 10.1787 13.956 43.5529 22.6351 46.0132 17.9965 41.2043 20.0042 9.01176 2.18893 41.0059 16.8157 37.9755 16.4752 6.20353 2.62368 37.7972 21.3527 42.1318 18.4602 9.52495 17.6239 40.0973 20.5167 13.376 9.49413 
12.4065 8.6674 7.09474 8.78601 13.1283 7.69202 39.2459 17.4012 39.1769 18.2663 35.8063 15.6798 2.24891 2.46113 34.9827 20.0218 37.4621 23.3657 9.50288 2.57199 39.7463 14.6624 35.6202 16.5304 10.3158 10.8908 34.7083 16.1335 7.28343 6.09774 
5.80142 7.14989 8.94156 2.05953 7.36181 11.5093 32.4453 15.8033 32.4222 16.848 30.2564 19.7499 5.34032 8.69254 30.5816 14.8181 37.9755 16.4752 4.18371 6.74406 33.2487 16.7705 28.9067 14.8471 4.34296 7.63613 27.9287 16.7033 11.9027 10.5683 
10.3617 12.408 7.09474 8.78601 6.79976 4.53554 26.6166 19.4866 25.7999 14.8893 27.4933 13.4421 4.62731 11.7413 23.8739 16.0894 31.3524 17.1985 8.92647 11.8103 26.4486 15.9167 22.8963 18.4013 10.4346 10.7402 21.1019 15.9467 5.65925 13.3289 
3.62184 11.3608 5.4136 15.5113 7.36181 11.5093 24.0529 13.1808 19.1744 16.6992 23.2714 18.9045 10.8899 14.7521 17.2642 18.2652 24.8782 15.5403 3.53614 16.0402 19.6523 16.8247 17.9093 13.7962 5.95618 15.9215 15.8203 20.4122 7.96772 19.8389 
6.36213 17.6374 11.4716 18.7206 6.30743 18.2727 21.0611 19.311 21.2004 23.3306 16.3796 18.9686 6.6162 20.0126 12.4662 13.2439 19.0548 18.923 8.55371 20.8491 14.2382 21.2284 13.6718 19.2925 8.12079 22.3687 13.3724 13.9645 14.8337 20.7226 
10.3305 23.3103 9.29225 25.3718 9.30194 24.4744 14.9677 22.5567 17.3492 17.7522 9.64216 20.6542 10.9406 25.318 19.3797 12.2616 12.6633 21.2504 13.452 25.8172 8.75521 25.327 9.89606 25.0561 12.8143 27.3347 18.956 17.7535 9.13898 24.7062 
12.7295 19.7463 15.993 23.7805 16.1759 23.8126 8.49673 25.162 10.5264 18.9682 10.595 27.3849 16.8986 21.765 19.406 18.8913 11.3779 27.9666 6.71078 24.5905 13.2196 20.5685 14.7457 20.0441 8.99124 21.5535 15.5805 23.6099 12.5804 18.6783 
17.5414 24.5998 18.0488 17.1326 17.4327 16.9774 13.1171 20.0206 17.194 20.7468 4.31653 24.3299 14.3402 15.2924 13.0317 16.1954 5.63069 24.039 4.06704 18.128 18.548 16.2992 17.398 13.6941 3.3508 17.4928 15.8087 16.7877 18.6677 15.5856 
18.3689 17.8472 11.7926 14.046 11.1638 13.9396 17.5571 14.7293 18.5289 13.9578 9.01227 19.2164 20.9854 13.5389 19.4895 13.7364 9.6389 18.6254 10.9764 17.7307 18.6818 9.39516 23.532 17.0614 9.83938 18.8102 16.3183 9.94139 24.8594 12.616 
21.9222 12.0517 12.4713 20.854 10.7555 20.777 21.3962 8.92798 23.4413 8.99262 15.7481 20.4029 22.5381 6.73858 23.696 8.35298 15.1164 22.935 14.1169 23.775 25.4827 7.79813 23.8612 10.2013 13.6778 24.4754 23.155 9.97778 22.7868 5.95863 
24.8631 5.95301 17.0269 26.0679 16.5878 24.1015 27.5232 5.84649 27.0044 3.03883 15.6292 27.2111 29.5322 6.79118 28.9621 3.86753 16.4754 19.6575 20.6227 26.3034 28.2088 11.5023 27.7595 4.53898 20.6461 24.5602 27.743 4.74162 29.2717 3.72892 
31.1792 3.29698 23.7828 24.6776 23.3425 25.5145 33.5666 2.46785 33.2228 5.9279 22.1771 25.1883 32.263 10.4447 35.9288 4.20282 13.8253 26.0487 26.5981 22.7451 35.0296 10.3325 34.6787 4.03795 27.4791 25.795 34.6053 3.98397 35.9766 3.93299 
37.8639 4.60086 30.6934 25.2519 29.651 22.8023 38.8319 7.06815 40.0951 6.42833 28.952 23.9223 39.0138 9.79534 41.8395 7.74598 16.4754 19.6575 32.5741 25.9459 41.3205 7.84563 41.1309 6.52926 33.9132 23.3531 41.0253 6.60977 42.0083 7.43738 
43.022 9.21664 34.7865 19.6382 35.4275 26.3716 45.5543 8.86604 45.6019 10.6785 35.6971 25.0233 44.9289 6.15374 38.7404 8.84007 13.8253 26.0487 39.0108 23.7039 38.0485 9.2333 44.8169 12.4297 40.6973 24.0739 44.9949 12.296 45.5151 13.3756 
46.4278 15.2533 38.6068 25.2908 41.6131 23.3155 45.5051 15.722 45.6224 17.5245 42.4104 24.127 39.0138 9.79534 36.0439 15.2479 16.4754 19.6575 45.7066 25.4355 41.316 15.2989 45.3679 19.2345 47.3034 26.092 45.0625 19.2456 44.6209 20.1977 
42.9527 21.2967 44.6812 21.8161 47.9084 20.7245 44.7415 22.6125 43.5989 24.012 38.7034 21.1721 41.7761 16.0047 42.9304 16.3329 13.8253 26.0487 45.0583 18.6681 45.8499 20.4176 41.5951 25.0516 43.187 20.7951 41.7495 25.341 39.5132 24.8993 
39.6722 23.1866 37.8393 22.4906 41.1429 22.2052 37.832 23.4421 37.3828 21.0234 40.6683 27.8215 46.9597 20.6918 46.6612 21.9014 16.4754 19.6575 44.4752 25.6386 41.8379 26.0984 36.9067 19.9874 39.077 26.4203 35.4552 22.3161 36.0699 18.9383 
32.8314 24.3918 32.3542 26.7933 37.0418 27.7661 32.9945 18.4485 30.7096 22.7798 35.7615 22.9323 44.551 27.1846 43.7561 18.2319 13.8253 26.0487 39.8982 20.3455 37.0401 21.0917 30.4136 22.3757 35.1644 20.7338 28.5231 22.5152 32.6316 24.9109 
32.2768 17.5507 30.9319 20.0925 32.6927 22.7136 30.8906 25.0003 35.5573 17.8132 30.116 19.1128 46.9597 20.6918 39.7838 23.9457 16.4754 19.6575 32.9468 20.9752 30.1534 21.1206 34.1399 16.5991 28.3312 19.4102 34.3187 18.6455 29.555 18.8188 
28.8116 23.5575 37.4609 22.4368 29.4932 16.5694 29.098 18.507 30.2387 22.2085 34.8158 24.2977 44.551 27.1846 36.0869 19.7789 13.8253 26.0487 27.5691 16.5286 29.8557 14.1878 27.4361 17.7358 30.6725 12.9328 28.8127 22.6995 24.334 14.2046 
